8.80427
5.75309
6.16052
2.30594
1.8379
3.35988
7.71019
4.39365
2.34117
7.9241
2.04669
7.28575
8.88785
7.02187
2.1901
9.03486
8.01249
8.17308
2.96502
7.85584
3.45709
0.790258
1.56799
3.89626
1.23002
0.221758
6.679
2.67149
3.44028
1.86362
3.19502
1.27382
9.66384
5.22896
5.43228
5.12588
0.66692
2.37133
2.7551
2.25649
0.62557
9.25735
7.49335
2.82087
1.27982
3.60265
4.09906
9.00948
9.42529
1.22618
4.82507
2.03897
4.14116
7.06968
9.52648
4.96454
2.68604
4.5898
7.39347
7.93212
6.99723
8.50812
5.49035
2.78491
3.46055
6.48039
6.89279
3.49481
5.05038
6.53644
0.590049
2.12616
3.79319
4.39018
0.655132
5.78623
6.04293
8.08258
4.44221
6.71822
5.46632
9.09657
1.01187
6.3067
0.536631
4.60857
6.59336
5.16486
8.82538
9.04318
0.725668
6.42132
9.8004
8.81823
8.71097
0.00676883
9.53587
4.13868
4.84705
9.10943
